+--------------------------------+----------------------------------------+
| РазмерСтипендии                | КоличествоСтудентов                    |
+--------------------------------+----------------------------------------+
| 75                             |                                      2 |
| 100                            |                                   5925 |
| 102.5                          |                                      1 |
| 107.5                          |                                      1 |
| 110                            |                                      1 |
| 115                            |                                      2 |
| 120                            |                                   6137 |
| 122.5                          |                                      3 |
| 125                            |                                      1 |
| 135                            |                                      1 |
| 145                            |                                   6143 |
| 150                            |                                   6125 |
| платники                       |                                  24637 |
| Итого студентов:               |                                  48979 |
+--------------------------------+----------------------------------------+
14 rows in set (0.026 sec)
