 id |  de_date   | de_subjectid | de_studentid | de_mark 
----+------------+--------------+--------------+---------
  1 | 2020-01-09 |            1 |            1 |       6
  2 | 2020-01-09 |            1 |            2 |       9
  3 | 2020-01-09 |            1 |            3 |       4
  4 | 2020-01-09 |            1 |            4 |       3
  5 | 2020-01-09 |            1 |            5 |       9
  6 | 2022-01-13 |            2 |            1 |       9
  7 | 2020-01-13 |            2 |            2 |       9
  8 | 2020-01-13 |            2 |            3 |       7
  9 | 2020-01-13 |            2 |            4 |       1
 10 | 2020-01-13 |            2 |            5 |      10
 11 | 2020-01-17 |            3 |            1 |       9
 12 | 2020-01-17 |            3 |            2 |       9
 13 | 2020-01-17 |            3 |            3 |       6
 14 | 2020-01-17 |            3 |            4 |       2
 15 | 2020-01-17 |            3 |            5 |       8
 16 | 2020-01-21 |            4 |            1 |       9
 17 | 2020-01-21 |            4 |            2 |       7
 18 | 2020-01-21 |            4 |            3 |       4
 19 | 2020-01-21 |            4 |            4 |       4
 20 | 2020-01-21 |            4 |            5 |       8
 21 | 2020-01-25 |            5 |            1 |      10
 22 | 2020-01-25 |            5 |            2 |       4
 23 | 2020-01-25 |            5 |            3 |       7
 24 | 2020-01-25 |            5 |            4 |       3
 25 | 2020-01-25 |            5 |            5 |       5
(25 rows)
